              * c:\users\vlsi\esim-workspace\freq_mul\freq_mul.cir
              Transient Analysis  Tue Mar 03 20:46:38  2026
--------------------------------------------------------------------------------
Index   time            a3#branch_1_0   v1#branch       v2#branch       
--------------------------------------------------------------------------------
0	0.000000e+00	0.000000e+00	0.000000e+00	0.000000e+00	
1	1.000000e-13	0.000000e+00	0.000000e+00	0.000000e+00	
2	2.000000e-13	0.000000e+00	0.000000e+00	0.000000e+00	
3	4.000000e-13	0.000000e+00	0.000000e+00	0.000000e+00	
4	8.000000e-13	0.000000e+00	0.000000e+00	0.000000e+00	
5	1.600000e-12	0.000000e+00	0.000000e+00	0.000000e+00	
6	3.200000e-12	0.000000e+00	0.000000e+00	0.000000e+00	
7	6.400000e-12	0.000000e+00	0.000000e+00	0.000000e+00	
8	1.000000e-11	0.000000e+00	0.000000e+00	0.000000e+00	
9	1.010000e-11	0.000000e+00	0.000000e+00	0.000000e+00	
10	1.030000e-11	0.000000e+00	0.000000e+00	0.000000e+00	
11	1.070000e-11	0.000000e+00	0.000000e+00	0.000000e+00	
12	1.100000e-11	0.000000e+00	0.000000e+00	0.000000e+00	
13	1.108000e-11	0.000000e+00	0.000000e+00	0.000000e+00	
14	1.124000e-11	0.000000e+00	0.000000e+00	0.000000e+00	
15	1.156000e-11	0.000000e+00	0.000000e+00	0.000000e+00	
16	1.220000e-11	0.000000e+00	0.000000e+00	0.000000e+00	
17	1.348000e-11	0.000000e+00	0.000000e+00	0.000000e+00	
18	1.604000e-11	0.000000e+00	0.000000e+00	0.000000e+00	
19	2.116000e-11	0.000000e+00	0.000000e+00	0.000000e+00	
20	3.140000e-11	0.000000e+00	0.000000e+00	0.000000e+00	
21	5.188000e-11	0.000000e+00	0.000000e+00	0.000000e+00	
22	9.284000e-11	0.000000e+00	0.000000e+00	0.000000e+00	
23	1.747600e-10	0.000000e+00	0.000000e+00	0.000000e+00	
24	3.386000e-10	0.000000e+00	0.000000e+00	0.000000e+00	
25	6.662800e-10	0.000000e+00	0.000000e+00	0.000000e+00	
26	1.321640e-09	0.000000e+00	0.000000e+00	0.000000e+00	
27	2.321640e-09	0.000000e+00	0.000000e+00	0.000000e+00	
28	3.321640e-09	0.000000e+00	0.000000e+00	0.000000e+00	
29	4.321640e-09	0.000000e+00	0.000000e+00	0.000000e+00	
30	5.321640e-09	0.000000e+00	0.000000e+00	0.000000e+00	
31	6.321640e-09	0.000000e+00	0.000000e+00	0.000000e+00	
32	7.321640e-09	0.000000e+00	0.000000e+00	0.000000e+00	
33	8.321640e-09	0.000000e+00	0.000000e+00	0.000000e+00	
34	9.321640e-09	0.000000e+00	0.000000e+00	0.000000e+00	
35	1.001100e-08	0.000000e+00	0.000000e+00	0.000000e+00	
36	1.001110e-08	0.000000e+00	0.000000e+00	0.000000e+00	
37	1.001130e-08	0.000000e+00	0.000000e+00	0.000000e+00	
38	1.001170e-08	0.000000e+00	0.000000e+00	0.000000e+00	
39	1.001200e-08	0.000000e+00	0.000000e+00	0.000000e+00	
40	1.001208e-08	0.000000e+00	0.000000e+00	0.000000e+00	
41	1.001224e-08	0.000000e+00	0.000000e+00	0.000000e+00	
42	1.001256e-08	0.000000e+00	0.000000e+00	0.000000e+00	
43	1.001320e-08	0.000000e+00	0.000000e+00	0.000000e+00	
44	1.001448e-08	0.000000e+00	0.000000e+00	0.000000e+00	
45	1.001704e-08	0.000000e+00	0.000000e+00	0.000000e+00	
46	1.002216e-08	0.000000e+00	0.000000e+00	0.000000e+00	
47	1.003240e-08	0.000000e+00	0.000000e+00	0.000000e+00	
48	1.005288e-08	0.000000e+00	0.000000e+00	0.000000e+00	
49	1.009384e-08	0.000000e+00	0.000000e+00	0.000000e+00	
50	1.017576e-08	0.000000e+00	0.000000e+00	0.000000e+00	
51	1.033960e-08	0.000000e+00	0.000000e+00	0.000000e+00	
52	1.066728e-08	0.000000e+00	0.000000e+00	0.000000e+00	
53	1.132264e-08	0.000000e+00	0.000000e+00	0.000000e+00	
54	1.232264e-08	0.000000e+00	0.000000e+00	0.000000e+00	

Index   time            a3#branch_1_0   v1#branch       v2#branch       
--------------------------------------------------------------------------------
55	1.332264e-08	0.000000e+00	0.000000e+00	0.000000e+00	
56	1.432264e-08	0.000000e+00	0.000000e+00	0.000000e+00	
57	1.532264e-08	0.000000e+00	0.000000e+00	0.000000e+00	
58	1.632264e-08	0.000000e+00	0.000000e+00	0.000000e+00	
59	1.732264e-08	0.000000e+00	0.000000e+00	0.000000e+00	
60	1.832264e-08	0.000000e+00	0.000000e+00	0.000000e+00	
61	1.932264e-08	0.000000e+00	0.000000e+00	0.000000e+00	
62	2.001000e-08	0.000000e+00	0.000000e+00	0.000000e+00	
63	2.001010e-08	0.000000e+00	0.000000e+00	0.000000e+00	
64	2.001030e-08	0.000000e+00	0.000000e+00	0.000000e+00	
65	2.001070e-08	0.000000e+00	0.000000e+00	0.000000e+00	
66	2.001100e-08	0.000000e+00	0.000000e+00	0.000000e+00	
67	2.001108e-08	0.000000e+00	0.000000e+00	0.000000e+00	
68	2.001124e-08	0.000000e+00	0.000000e+00	0.000000e+00	
69	2.001156e-08	0.000000e+00	0.000000e+00	0.000000e+00	
70	2.001220e-08	0.000000e+00	0.000000e+00	0.000000e+00	
71	2.001348e-08	0.000000e+00	0.000000e+00	0.000000e+00	
72	2.001604e-08	0.000000e+00	0.000000e+00	0.000000e+00	
73	2.002116e-08	0.000000e+00	0.000000e+00	0.000000e+00	
74	2.003140e-08	0.000000e+00	0.000000e+00	0.000000e+00	
75	2.005188e-08	0.000000e+00	0.000000e+00	0.000000e+00	
76	2.009284e-08	0.000000e+00	0.000000e+00	0.000000e+00	
77	2.017476e-08	0.000000e+00	0.000000e+00	0.000000e+00	
78	2.033860e-08	0.000000e+00	0.000000e+00	0.000000e+00	
79	2.066628e-08	0.000000e+00	0.000000e+00	0.000000e+00	
80	2.132164e-08	0.000000e+00	0.000000e+00	0.000000e+00	
81	2.201070e-08	0.000000e+00	0.000000e+00	0.000000e+00	
82	2.211070e-08	0.000000e+00	0.000000e+00	0.000000e+00	
83	2.231070e-08	0.000000e+00	0.000000e+00	0.000000e+00	
84	2.271070e-08	0.000000e+00	0.000000e+00	0.000000e+00	
85	2.301070e-08	0.000000e+00	0.000000e+00	0.000000e+00	
86	2.309070e-08	0.000000e+00	0.000000e+00	0.000000e+00	
87	2.325070e-08	0.000000e+00	0.000000e+00	0.000000e+00	
88	2.357070e-08	0.000000e+00	0.000000e+00	0.000000e+00	
89	2.421070e-08	0.000000e+00	0.000000e+00	0.000000e+00	
90	2.521070e-08	0.000000e+00	0.000000e+00	0.000000e+00	
91	2.621070e-08	0.000000e+00	0.000000e+00	0.000000e+00	
92	2.721070e-08	0.000000e+00	0.000000e+00	0.000000e+00	
93	2.821070e-08	0.000000e+00	0.000000e+00	0.000000e+00	
94	2.921070e-08	0.000000e+00	0.000000e+00	0.000000e+00	
95	3.001100e-08	0.000000e+00	0.000000e+00	0.000000e+00	
96	3.001110e-08	0.000000e+00	0.000000e+00	0.000000e+00	
97	3.001130e-08	0.000000e+00	0.000000e+00	0.000000e+00	
98	3.001170e-08	0.000000e+00	0.000000e+00	0.000000e+00	
99	3.001200e-08	0.000000e+00	0.000000e+00	0.000000e+00	
100	3.001208e-08	0.000000e+00	0.000000e+00	0.000000e+00	
101	3.001224e-08	0.000000e+00	0.000000e+00	0.000000e+00	
102	3.001256e-08	0.000000e+00	0.000000e+00	0.000000e+00	
103	3.001320e-08	0.000000e+00	0.000000e+00	0.000000e+00	
104	3.001448e-08	0.000000e+00	0.000000e+00	0.000000e+00	
105	3.001704e-08	0.000000e+00	0.000000e+00	0.000000e+00	
106	3.002216e-08	0.000000e+00	0.000000e+00	0.000000e+00	
107	3.003240e-08	0.000000e+00	0.000000e+00	0.000000e+00	
108	3.005288e-08	0.000000e+00	0.000000e+00	0.000000e+00	
109	3.009384e-08	0.000000e+00	0.000000e+00	0.000000e+00	
110	3.017576e-08	0.000000e+00	0.000000e+00	0.000000e+00	
111	3.033960e-08	0.000000e+00	0.000000e+00	0.000000e+00	
112	3.066728e-08	0.000000e+00	0.000000e+00	0.000000e+00	

Index   time            a3#branch_1_0   v1#branch       v2#branch       
--------------------------------------------------------------------------------
113	3.132264e-08	0.000000e+00	0.000000e+00	0.000000e+00	
114	3.232264e-08	0.000000e+00	0.000000e+00	0.000000e+00	
115	3.332264e-08	0.000000e+00	0.000000e+00	0.000000e+00	
116	3.432264e-08	0.000000e+00	0.000000e+00	0.000000e+00	
117	3.532264e-08	0.000000e+00	0.000000e+00	0.000000e+00	
118	3.632264e-08	0.000000e+00	0.000000e+00	0.000000e+00	
119	3.732264e-08	0.000000e+00	0.000000e+00	0.000000e+00	
120	3.832264e-08	0.000000e+00	0.000000e+00	0.000000e+00	
121	3.932264e-08	0.000000e+00	0.000000e+00	0.000000e+00	
122	4.001000e-08	0.000000e+00	0.000000e+00	0.000000e+00	
123	4.001010e-08	0.000000e+00	0.000000e+00	0.000000e+00	
124	4.001030e-08	0.000000e+00	0.000000e+00	0.000000e+00	
125	4.001070e-08	0.000000e+00	0.000000e+00	0.000000e+00	
126	4.001100e-08	0.000000e+00	0.000000e+00	0.000000e+00	
127	4.001108e-08	0.000000e+00	0.000000e+00	0.000000e+00	
128	4.001124e-08	0.000000e+00	0.000000e+00	0.000000e+00	
129	4.001156e-08	0.000000e+00	0.000000e+00	0.000000e+00	
130	4.001220e-08	0.000000e+00	0.000000e+00	0.000000e+00	
131	4.001348e-08	0.000000e+00	0.000000e+00	0.000000e+00	
132	4.001604e-08	0.000000e+00	0.000000e+00	0.000000e+00	
133	4.002116e-08	0.000000e+00	0.000000e+00	0.000000e+00	
134	4.003140e-08	0.000000e+00	0.000000e+00	0.000000e+00	
135	4.005188e-08	0.000000e+00	0.000000e+00	0.000000e+00	
136	4.009284e-08	0.000000e+00	0.000000e+00	0.000000e+00	
137	4.017476e-08	0.000000e+00	0.000000e+00	0.000000e+00	
138	4.033860e-08	0.000000e+00	0.000000e+00	0.000000e+00	
139	4.066628e-08	0.000000e+00	0.000000e+00	0.000000e+00	
140	4.132164e-08	0.000000e+00	0.000000e+00	0.000000e+00	
141	4.201070e-08	0.000000e+00	0.000000e+00	0.000000e+00	
142	4.211070e-08	0.000000e+00	0.000000e+00	0.000000e+00	
143	4.231070e-08	0.000000e+00	0.000000e+00	0.000000e+00	
144	4.271070e-08	0.000000e+00	0.000000e+00	0.000000e+00	
145	4.301070e-08	0.000000e+00	0.000000e+00	0.000000e+00	
146	4.309070e-08	0.000000e+00	0.000000e+00	0.000000e+00	
147	4.325070e-08	0.000000e+00	0.000000e+00	0.000000e+00	
148	4.357070e-08	0.000000e+00	0.000000e+00	0.000000e+00	
149	4.421070e-08	0.000000e+00	0.000000e+00	0.000000e+00	
150	4.521070e-08	0.000000e+00	0.000000e+00	0.000000e+00	
151	4.621070e-08	0.000000e+00	0.000000e+00	0.000000e+00	
152	4.721070e-08	0.000000e+00	0.000000e+00	0.000000e+00	
153	4.821070e-08	0.000000e+00	0.000000e+00	0.000000e+00	
154	4.921070e-08	0.000000e+00	0.000000e+00	0.000000e+00	
155	5.001100e-08	0.000000e+00	0.000000e+00	0.000000e+00	
156	5.001110e-08	0.000000e+00	0.000000e+00	0.000000e+00	
157	5.001130e-08	0.000000e+00	0.000000e+00	0.000000e+00	
158	5.001170e-08	0.000000e+00	0.000000e+00	0.000000e+00	
159	5.001200e-08	0.000000e+00	0.000000e+00	0.000000e+00	
160	5.001208e-08	0.000000e+00	0.000000e+00	0.000000e+00	
161	5.001224e-08	0.000000e+00	0.000000e+00	0.000000e+00	
162	5.001256e-08	0.000000e+00	0.000000e+00	0.000000e+00	
163	5.001320e-08	0.000000e+00	0.000000e+00	0.000000e+00	
164	5.001448e-08	0.000000e+00	0.000000e+00	0.000000e+00	
165	5.001704e-08	0.000000e+00	0.000000e+00	0.000000e+00	
166	5.002216e-08	0.000000e+00	0.000000e+00	0.000000e+00	
167	5.003240e-08	0.000000e+00	0.000000e+00	0.000000e+00	
168	5.005288e-08	0.000000e+00	0.000000e+00	0.000000e+00	
169	5.009384e-08	0.000000e+00	0.000000e+00	0.000000e+00	
170	5.017576e-08	0.000000e+00	0.000000e+00	0.000000e+00	

Index   time            a3#branch_1_0   v1#branch       v2#branch       
--------------------------------------------------------------------------------
171	5.033960e-08	0.000000e+00	0.000000e+00	0.000000e+00	
172	5.066728e-08	0.000000e+00	0.000000e+00	0.000000e+00	
173	5.132264e-08	0.000000e+00	0.000000e+00	0.000000e+00	
174	5.232264e-08	0.000000e+00	0.000000e+00	0.000000e+00	
175	5.332264e-08	0.000000e+00	0.000000e+00	0.000000e+00	
176	5.432264e-08	0.000000e+00	0.000000e+00	0.000000e+00	
177	5.532264e-08	0.000000e+00	0.000000e+00	0.000000e+00	
178	5.632264e-08	0.000000e+00	0.000000e+00	0.000000e+00	
179	5.732264e-08	0.000000e+00	0.000000e+00	0.000000e+00	
180	5.832264e-08	0.000000e+00	0.000000e+00	0.000000e+00	
181	5.932264e-08	0.000000e+00	0.000000e+00	0.000000e+00	
182	6.001000e-08	0.000000e+00	0.000000e+00	0.000000e+00	
183	6.001010e-08	0.000000e+00	0.000000e+00	0.000000e+00	
184	6.001030e-08	0.000000e+00	0.000000e+00	0.000000e+00	
185	6.001070e-08	0.000000e+00	0.000000e+00	0.000000e+00	
186	6.001100e-08	0.000000e+00	0.000000e+00	0.000000e+00	
187	6.001108e-08	0.000000e+00	0.000000e+00	0.000000e+00	
188	6.001124e-08	0.000000e+00	0.000000e+00	0.000000e+00	
189	6.001156e-08	0.000000e+00	0.000000e+00	0.000000e+00	
190	6.001220e-08	0.000000e+00	0.000000e+00	0.000000e+00	
191	6.001348e-08	0.000000e+00	0.000000e+00	0.000000e+00	
192	6.001604e-08	0.000000e+00	0.000000e+00	0.000000e+00	
193	6.002116e-08	0.000000e+00	0.000000e+00	0.000000e+00	
194	6.003140e-08	0.000000e+00	0.000000e+00	0.000000e+00	
195	6.005188e-08	0.000000e+00	0.000000e+00	0.000000e+00	
196	6.009284e-08	0.000000e+00	0.000000e+00	0.000000e+00	
197	6.017476e-08	0.000000e+00	0.000000e+00	0.000000e+00	
198	6.033860e-08	0.000000e+00	0.000000e+00	0.000000e+00	
199	6.066628e-08	0.000000e+00	0.000000e+00	0.000000e+00	
200	6.132164e-08	0.000000e+00	0.000000e+00	0.000000e+00	
201	6.201070e-08	0.000000e+00	0.000000e+00	0.000000e+00	
202	6.211070e-08	0.000000e+00	0.000000e+00	0.000000e+00	
203	6.231070e-08	0.000000e+00	0.000000e+00	0.000000e+00	
204	6.271070e-08	0.000000e+00	0.000000e+00	0.000000e+00	
205	6.301070e-08	0.000000e+00	0.000000e+00	0.000000e+00	
206	6.309070e-08	0.000000e+00	0.000000e+00	0.000000e+00	
207	6.325070e-08	0.000000e+00	0.000000e+00	0.000000e+00	
208	6.357070e-08	0.000000e+00	0.000000e+00	0.000000e+00	
209	6.421070e-08	0.000000e+00	0.000000e+00	0.000000e+00	
210	6.521070e-08	0.000000e+00	0.000000e+00	0.000000e+00	
211	6.621070e-08	0.000000e+00	0.000000e+00	0.000000e+00	
212	6.721070e-08	0.000000e+00	0.000000e+00	0.000000e+00	
213	6.821070e-08	0.000000e+00	0.000000e+00	0.000000e+00	
214	6.921070e-08	0.000000e+00	0.000000e+00	0.000000e+00	
215	7.001100e-08	0.000000e+00	0.000000e+00	0.000000e+00	
216	7.001110e-08	0.000000e+00	0.000000e+00	0.000000e+00	
217	7.001130e-08	0.000000e+00	0.000000e+00	0.000000e+00	
218	7.001170e-08	0.000000e+00	0.000000e+00	0.000000e+00	
219	7.001200e-08	0.000000e+00	0.000000e+00	0.000000e+00	
220	7.001208e-08	0.000000e+00	0.000000e+00	0.000000e+00	
221	7.001224e-08	0.000000e+00	0.000000e+00	0.000000e+00	
222	7.001256e-08	0.000000e+00	0.000000e+00	0.000000e+00	
223	7.001320e-08	0.000000e+00	0.000000e+00	0.000000e+00	
224	7.001448e-08	0.000000e+00	0.000000e+00	0.000000e+00	
225	7.001704e-08	0.000000e+00	0.000000e+00	0.000000e+00	
226	7.002216e-08	0.000000e+00	0.000000e+00	0.000000e+00	
227	7.003240e-08	0.000000e+00	0.000000e+00	0.000000e+00	
228	7.005288e-08	0.000000e+00	0.000000e+00	0.000000e+00	

Index   time            a3#branch_1_0   v1#branch       v2#branch       
--------------------------------------------------------------------------------
229	7.009384e-08	0.000000e+00	0.000000e+00	0.000000e+00	
230	7.017576e-08	0.000000e+00	0.000000e+00	0.000000e+00	
231	7.033960e-08	0.000000e+00	0.000000e+00	0.000000e+00	
232	7.066728e-08	0.000000e+00	0.000000e+00	0.000000e+00	
233	7.132264e-08	0.000000e+00	0.000000e+00	0.000000e+00	
234	7.232264e-08	0.000000e+00	0.000000e+00	0.000000e+00	
235	7.332264e-08	0.000000e+00	0.000000e+00	0.000000e+00	
236	7.432264e-08	0.000000e+00	0.000000e+00	0.000000e+00	
237	7.532264e-08	0.000000e+00	0.000000e+00	0.000000e+00	
238	7.632264e-08	0.000000e+00	0.000000e+00	0.000000e+00	
239	7.732264e-08	0.000000e+00	0.000000e+00	0.000000e+00	
240	7.832264e-08	0.000000e+00	0.000000e+00	0.000000e+00	
241	7.932264e-08	0.000000e+00	0.000000e+00	0.000000e+00	
242	8.001000e-08	0.000000e+00	0.000000e+00	0.000000e+00	
243	8.001010e-08	0.000000e+00	0.000000e+00	0.000000e+00	
244	8.001030e-08	0.000000e+00	0.000000e+00	0.000000e+00	
245	8.001070e-08	0.000000e+00	0.000000e+00	0.000000e+00	
246	8.001100e-08	0.000000e+00	0.000000e+00	0.000000e+00	
247	8.001108e-08	0.000000e+00	0.000000e+00	0.000000e+00	
248	8.001124e-08	0.000000e+00	0.000000e+00	0.000000e+00	
249	8.001156e-08	0.000000e+00	0.000000e+00	0.000000e+00	
250	8.001220e-08	0.000000e+00	0.000000e+00	0.000000e+00	
251	8.001348e-08	0.000000e+00	0.000000e+00	0.000000e+00	
252	8.001604e-08	0.000000e+00	0.000000e+00	0.000000e+00	
253	8.002116e-08	0.000000e+00	0.000000e+00	0.000000e+00	
254	8.003140e-08	0.000000e+00	0.000000e+00	0.000000e+00	
255	8.005188e-08	0.000000e+00	0.000000e+00	0.000000e+00	
256	8.009284e-08	0.000000e+00	0.000000e+00	0.000000e+00	
257	8.017476e-08	0.000000e+00	0.000000e+00	0.000000e+00	
258	8.033860e-08	0.000000e+00	0.000000e+00	0.000000e+00	
259	8.066628e-08	0.000000e+00	0.000000e+00	0.000000e+00	
260	8.132164e-08	0.000000e+00	0.000000e+00	0.000000e+00	
261	8.201070e-08	0.000000e+00	0.000000e+00	0.000000e+00	
262	8.211070e-08	0.000000e+00	0.000000e+00	0.000000e+00	
263	8.231070e-08	0.000000e+00	0.000000e+00	0.000000e+00	
264	8.271070e-08	0.000000e+00	0.000000e+00	0.000000e+00	
265	8.301070e-08	0.000000e+00	0.000000e+00	0.000000e+00	
266	8.309070e-08	0.000000e+00	0.000000e+00	0.000000e+00	
267	8.325070e-08	0.000000e+00	0.000000e+00	0.000000e+00	
268	8.357070e-08	0.000000e+00	0.000000e+00	0.000000e+00	
269	8.421070e-08	0.000000e+00	0.000000e+00	0.000000e+00	
270	8.521070e-08	0.000000e+00	0.000000e+00	0.000000e+00	
271	8.621070e-08	0.000000e+00	0.000000e+00	0.000000e+00	
272	8.721070e-08	0.000000e+00	0.000000e+00	0.000000e+00	
273	8.821070e-08	0.000000e+00	0.000000e+00	0.000000e+00	
274	8.921070e-08	0.000000e+00	0.000000e+00	0.000000e+00	
275	9.001100e-08	0.000000e+00	0.000000e+00	0.000000e+00	
276	9.001110e-08	0.000000e+00	0.000000e+00	0.000000e+00	
277	9.001130e-08	0.000000e+00	0.000000e+00	0.000000e+00	
278	9.001170e-08	0.000000e+00	0.000000e+00	0.000000e+00	
279	9.001200e-08	0.000000e+00	0.000000e+00	0.000000e+00	
280	9.001208e-08	0.000000e+00	0.000000e+00	0.000000e+00	
281	9.001224e-08	0.000000e+00	0.000000e+00	0.000000e+00	
282	9.001256e-08	0.000000e+00	0.000000e+00	0.000000e+00	
283	9.001320e-08	0.000000e+00	0.000000e+00	0.000000e+00	
284	9.001448e-08	0.000000e+00	0.000000e+00	0.000000e+00	
285	9.001704e-08	0.000000e+00	0.000000e+00	0.000000e+00	
286	9.002216e-08	0.000000e+00	0.000000e+00	0.000000e+00	

Index   time            a3#branch_1_0   v1#branch       v2#branch       
--------------------------------------------------------------------------------
287	9.003240e-08	0.000000e+00	0.000000e+00	0.000000e+00	
288	9.005288e-08	0.000000e+00	0.000000e+00	0.000000e+00	
289	9.009384e-08	0.000000e+00	0.000000e+00	0.000000e+00	
290	9.017576e-08	0.000000e+00	0.000000e+00	0.000000e+00	
291	9.033960e-08	0.000000e+00	0.000000e+00	0.000000e+00	
292	9.066728e-08	0.000000e+00	0.000000e+00	0.000000e+00	
293	9.132264e-08	0.000000e+00	0.000000e+00	0.000000e+00	
294	9.232264e-08	0.000000e+00	0.000000e+00	0.000000e+00	
295	9.332264e-08	0.000000e+00	0.000000e+00	0.000000e+00	
296	9.432264e-08	0.000000e+00	0.000000e+00	0.000000e+00	
297	9.532264e-08	0.000000e+00	0.000000e+00	0.000000e+00	
298	9.632264e-08	0.000000e+00	0.000000e+00	0.000000e+00	
299	9.732264e-08	0.000000e+00	0.000000e+00	0.000000e+00	
300	9.832264e-08	0.000000e+00	0.000000e+00	0.000000e+00	
301	9.932264e-08	0.000000e+00	0.000000e+00	0.000000e+00	
302	1.000100e-07	0.000000e+00	0.000000e+00	0.000000e+00	
303	1.000101e-07	0.000000e+00	0.000000e+00	0.000000e+00	
304	1.000103e-07	0.000000e+00	0.000000e+00	0.000000e+00	
305	1.000107e-07	0.000000e+00	0.000000e+00	0.000000e+00	
306	1.000110e-07	0.000000e+00	0.000000e+00	0.000000e+00	
307	1.000111e-07	0.000000e+00	0.000000e+00	0.000000e+00	
308	1.000112e-07	0.000000e+00	0.000000e+00	0.000000e+00	
309	1.000116e-07	0.000000e+00	0.000000e+00	0.000000e+00	
310	1.000122e-07	0.000000e+00	0.000000e+00	0.000000e+00	
311	1.000135e-07	0.000000e+00	0.000000e+00	0.000000e+00	
312	1.000160e-07	0.000000e+00	0.000000e+00	0.000000e+00	
313	1.000212e-07	0.000000e+00	0.000000e+00	0.000000e+00	
314	1.000314e-07	0.000000e+00	0.000000e+00	0.000000e+00	
315	1.000519e-07	0.000000e+00	0.000000e+00	0.000000e+00	
316	1.000928e-07	0.000000e+00	0.000000e+00	0.000000e+00	
317	1.001748e-07	0.000000e+00	0.000000e+00	0.000000e+00	
318	1.003386e-07	0.000000e+00	0.000000e+00	0.000000e+00	
319	1.006663e-07	0.000000e+00	0.000000e+00	0.000000e+00	
320	1.013216e-07	0.000000e+00	0.000000e+00	0.000000e+00	
321	1.020107e-07	0.000000e+00	0.000000e+00	0.000000e+00	
322	1.021107e-07	0.000000e+00	0.000000e+00	0.000000e+00	
323	1.023107e-07	0.000000e+00	0.000000e+00	0.000000e+00	
324	1.027107e-07	0.000000e+00	0.000000e+00	0.000000e+00	
325	1.030107e-07	0.000000e+00	0.000000e+00	0.000000e+00	
326	1.030907e-07	0.000000e+00	0.000000e+00	0.000000e+00	
327	1.032507e-07	0.000000e+00	0.000000e+00	0.000000e+00	
328	1.035707e-07	0.000000e+00	0.000000e+00	0.000000e+00	
329	1.042107e-07	0.000000e+00	0.000000e+00	0.000000e+00	
330	1.052107e-07	0.000000e+00	0.000000e+00	0.000000e+00	
331	1.062107e-07	0.000000e+00	0.000000e+00	0.000000e+00	
332	1.072107e-07	0.000000e+00	0.000000e+00	0.000000e+00	
333	1.082107e-07	0.000000e+00	0.000000e+00	0.000000e+00	
334	1.092107e-07	0.000000e+00	0.000000e+00	0.000000e+00	
335	1.100110e-07	0.000000e+00	0.000000e+00	0.000000e+00	
336	1.100111e-07	0.000000e+00	0.000000e+00	0.000000e+00	
337	1.100113e-07	0.000000e+00	0.000000e+00	0.000000e+00	
338	1.100117e-07	0.000000e+00	0.000000e+00	0.000000e+00	
339	1.100120e-07	0.000000e+00	0.000000e+00	0.000000e+00	
340	1.100121e-07	0.000000e+00	0.000000e+00	0.000000e+00	
341	1.100122e-07	0.000000e+00	0.000000e+00	0.000000e+00	
342	1.100126e-07	0.000000e+00	0.000000e+00	0.000000e+00	
343	1.100132e-07	0.000000e+00	0.000000e+00	0.000000e+00	
344	1.100145e-07	0.000000e+00	0.000000e+00	0.000000e+00	

Index   time            a3#branch_1_0   v1#branch       v2#branch       
--------------------------------------------------------------------------------
345	1.100170e-07	0.000000e+00	0.000000e+00	0.000000e+00	
346	1.100222e-07	0.000000e+00	0.000000e+00	0.000000e+00	
347	1.100324e-07	0.000000e+00	0.000000e+00	0.000000e+00	
348	1.100529e-07	0.000000e+00	0.000000e+00	0.000000e+00	
349	1.100938e-07	0.000000e+00	0.000000e+00	0.000000e+00	
350	1.101758e-07	0.000000e+00	0.000000e+00	0.000000e+00	
351	1.103396e-07	0.000000e+00	0.000000e+00	0.000000e+00	
352	1.106673e-07	0.000000e+00	0.000000e+00	0.000000e+00	
353	1.113226e-07	0.000000e+00	0.000000e+00	0.000000e+00	
354	1.123226e-07	0.000000e+00	0.000000e+00	0.000000e+00	
355	1.133226e-07	0.000000e+00	0.000000e+00	0.000000e+00	
356	1.143226e-07	0.000000e+00	0.000000e+00	0.000000e+00	
357	1.153226e-07	0.000000e+00	0.000000e+00	0.000000e+00	
358	1.163226e-07	0.000000e+00	0.000000e+00	0.000000e+00	
359	1.173226e-07	0.000000e+00	0.000000e+00	0.000000e+00	
360	1.183226e-07	0.000000e+00	0.000000e+00	0.000000e+00	
361	1.193226e-07	0.000000e+00	0.000000e+00	0.000000e+00	
362	1.200100e-07	0.000000e+00	0.000000e+00	0.000000e+00	
363	1.200101e-07	0.000000e+00	0.000000e+00	0.000000e+00	
364	1.200103e-07	0.000000e+00	0.000000e+00	0.000000e+00	
365	1.200107e-07	0.000000e+00	0.000000e+00	0.000000e+00	
366	1.200110e-07	0.000000e+00	0.000000e+00	0.000000e+00	
367	1.200111e-07	0.000000e+00	0.000000e+00	0.000000e+00	
368	1.200112e-07	0.000000e+00	0.000000e+00	0.000000e+00	
369	1.200116e-07	0.000000e+00	0.000000e+00	0.000000e+00	
370	1.200122e-07	0.000000e+00	0.000000e+00	0.000000e+00	
371	1.200135e-07	0.000000e+00	0.000000e+00	0.000000e+00	
372	1.200160e-07	0.000000e+00	0.000000e+00	0.000000e+00	
373	1.200212e-07	0.000000e+00	0.000000e+00	0.000000e+00	
374	1.200314e-07	0.000000e+00	0.000000e+00	0.000000e+00	
375	1.200519e-07	0.000000e+00	0.000000e+00	0.000000e+00	
376	1.200928e-07	0.000000e+00	0.000000e+00	0.000000e+00	
377	1.201748e-07	0.000000e+00	0.000000e+00	0.000000e+00	
378	1.203386e-07	0.000000e+00	0.000000e+00	0.000000e+00	
379	1.206663e-07	0.000000e+00	0.000000e+00	0.000000e+00	
380	1.213216e-07	0.000000e+00	0.000000e+00	0.000000e+00	
381	1.220107e-07	0.000000e+00	0.000000e+00	0.000000e+00	
382	1.221107e-07	0.000000e+00	0.000000e+00	0.000000e+00	
383	1.223107e-07	0.000000e+00	0.000000e+00	0.000000e+00	
384	1.227107e-07	0.000000e+00	0.000000e+00	0.000000e+00	
385	1.230107e-07	0.000000e+00	0.000000e+00	0.000000e+00	
386	1.230907e-07	0.000000e+00	0.000000e+00	0.000000e+00	
387	1.232507e-07	0.000000e+00	0.000000e+00	0.000000e+00	
388	1.235707e-07	0.000000e+00	0.000000e+00	0.000000e+00	
389	1.242107e-07	0.000000e+00	0.000000e+00	0.000000e+00	
390	1.252107e-07	0.000000e+00	0.000000e+00	0.000000e+00	
391	1.262107e-07	0.000000e+00	0.000000e+00	0.000000e+00	
392	1.272107e-07	0.000000e+00	0.000000e+00	0.000000e+00	
393	1.282107e-07	0.000000e+00	0.000000e+00	0.000000e+00	
394	1.292107e-07	0.000000e+00	0.000000e+00	0.000000e+00	
395	1.300110e-07	0.000000e+00	0.000000e+00	0.000000e+00	
396	1.300111e-07	0.000000e+00	0.000000e+00	0.000000e+00	
397	1.300113e-07	0.000000e+00	0.000000e+00	0.000000e+00	
398	1.300117e-07	0.000000e+00	0.000000e+00	0.000000e+00	
399	1.300120e-07	0.000000e+00	0.000000e+00	0.000000e+00	
400	1.300121e-07	0.000000e+00	0.000000e+00	0.000000e+00	
401	1.300122e-07	0.000000e+00	0.000000e+00	0.000000e+00	
402	1.300126e-07	0.000000e+00	0.000000e+00	0.000000e+00	

Index   time            a3#branch_1_0   v1#branch       v2#branch       
--------------------------------------------------------------------------------
403	1.300132e-07	0.000000e+00	0.000000e+00	0.000000e+00	
404	1.300145e-07	0.000000e+00	0.000000e+00	0.000000e+00	
405	1.300170e-07	0.000000e+00	0.000000e+00	0.000000e+00	
406	1.300222e-07	0.000000e+00	0.000000e+00	0.000000e+00	
407	1.300324e-07	0.000000e+00	0.000000e+00	0.000000e+00	
408	1.300529e-07	0.000000e+00	0.000000e+00	0.000000e+00	
409	1.300938e-07	0.000000e+00	0.000000e+00	0.000000e+00	
410	1.301758e-07	0.000000e+00	0.000000e+00	0.000000e+00	
411	1.303396e-07	0.000000e+00	0.000000e+00	0.000000e+00	
412	1.306673e-07	0.000000e+00	0.000000e+00	0.000000e+00	
413	1.313226e-07	0.000000e+00	0.000000e+00	0.000000e+00	
414	1.323226e-07	0.000000e+00	0.000000e+00	0.000000e+00	
415	1.333226e-07	0.000000e+00	0.000000e+00	0.000000e+00	
416	1.343226e-07	0.000000e+00	0.000000e+00	0.000000e+00	
417	1.353226e-07	0.000000e+00	0.000000e+00	0.000000e+00	
418	1.363226e-07	0.000000e+00	0.000000e+00	0.000000e+00	
419	1.373226e-07	0.000000e+00	0.000000e+00	0.000000e+00	
420	1.383226e-07	0.000000e+00	0.000000e+00	0.000000e+00	
421	1.393226e-07	0.000000e+00	0.000000e+00	0.000000e+00	
422	1.400100e-07	0.000000e+00	0.000000e+00	0.000000e+00	
423	1.400101e-07	0.000000e+00	0.000000e+00	0.000000e+00	
424	1.400103e-07	0.000000e+00	0.000000e+00	0.000000e+00	
425	1.400107e-07	0.000000e+00	0.000000e+00	0.000000e+00	
426	1.400110e-07	0.000000e+00	0.000000e+00	0.000000e+00	
427	1.400111e-07	0.000000e+00	0.000000e+00	0.000000e+00	
428	1.400112e-07	0.000000e+00	0.000000e+00	0.000000e+00	
429	1.400116e-07	0.000000e+00	0.000000e+00	0.000000e+00	
430	1.400122e-07	0.000000e+00	0.000000e+00	0.000000e+00	
431	1.400135e-07	0.000000e+00	0.000000e+00	0.000000e+00	
432	1.400160e-07	0.000000e+00	0.000000e+00	0.000000e+00	
433	1.400212e-07	0.000000e+00	0.000000e+00	0.000000e+00	
434	1.400314e-07	0.000000e+00	0.000000e+00	0.000000e+00	
435	1.400519e-07	0.000000e+00	0.000000e+00	0.000000e+00	
436	1.400928e-07	0.000000e+00	0.000000e+00	0.000000e+00	
437	1.401748e-07	0.000000e+00	0.000000e+00	0.000000e+00	
438	1.403386e-07	0.000000e+00	0.000000e+00	0.000000e+00	
439	1.406663e-07	0.000000e+00	0.000000e+00	0.000000e+00	
440	1.413216e-07	0.000000e+00	0.000000e+00	0.000000e+00	
441	1.420107e-07	0.000000e+00	0.000000e+00	0.000000e+00	
442	1.421107e-07	0.000000e+00	0.000000e+00	0.000000e+00	
443	1.423107e-07	0.000000e+00	0.000000e+00	0.000000e+00	
444	1.427107e-07	0.000000e+00	0.000000e+00	0.000000e+00	
445	1.430107e-07	0.000000e+00	0.000000e+00	0.000000e+00	
446	1.430907e-07	0.000000e+00	0.000000e+00	0.000000e+00	
447	1.432507e-07	0.000000e+00	0.000000e+00	0.000000e+00	
448	1.435707e-07	0.000000e+00	0.000000e+00	0.000000e+00	
449	1.442107e-07	0.000000e+00	0.000000e+00	0.000000e+00	
450	1.452107e-07	0.000000e+00	0.000000e+00	0.000000e+00	
451	1.462107e-07	0.000000e+00	0.000000e+00	0.000000e+00	
452	1.472107e-07	0.000000e+00	0.000000e+00	0.000000e+00	
453	1.482107e-07	0.000000e+00	0.000000e+00	0.000000e+00	
454	1.492107e-07	0.000000e+00	0.000000e+00	0.000000e+00	
455	1.500110e-07	0.000000e+00	0.000000e+00	0.000000e+00	
456	1.500111e-07	0.000000e+00	0.000000e+00	0.000000e+00	
457	1.500113e-07	0.000000e+00	0.000000e+00	0.000000e+00	
458	1.500117e-07	0.000000e+00	0.000000e+00	0.000000e+00	
459	1.500120e-07	0.000000e+00	0.000000e+00	0.000000e+00	
460	1.500121e-07	0.000000e+00	0.000000e+00	0.000000e+00	

Index   time            a3#branch_1_0   v1#branch       v2#branch       
--------------------------------------------------------------------------------
461	1.500122e-07	0.000000e+00	0.000000e+00	0.000000e+00	
462	1.500126e-07	0.000000e+00	0.000000e+00	0.000000e+00	
463	1.500132e-07	0.000000e+00	0.000000e+00	0.000000e+00	
464	1.500145e-07	0.000000e+00	0.000000e+00	0.000000e+00	
465	1.500170e-07	0.000000e+00	0.000000e+00	0.000000e+00	
466	1.500222e-07	0.000000e+00	0.000000e+00	0.000000e+00	
467	1.500324e-07	0.000000e+00	0.000000e+00	0.000000e+00	
468	1.500529e-07	0.000000e+00	0.000000e+00	0.000000e+00	
469	1.500938e-07	0.000000e+00	0.000000e+00	0.000000e+00	
470	1.501758e-07	0.000000e+00	0.000000e+00	0.000000e+00	
471	1.503396e-07	0.000000e+00	0.000000e+00	0.000000e+00	
472	1.506673e-07	0.000000e+00	0.000000e+00	0.000000e+00	
473	1.513226e-07	0.000000e+00	0.000000e+00	0.000000e+00	
474	1.523226e-07	0.000000e+00	0.000000e+00	0.000000e+00	
475	1.533226e-07	0.000000e+00	0.000000e+00	0.000000e+00	
476	1.543226e-07	0.000000e+00	0.000000e+00	0.000000e+00	
477	1.553226e-07	0.000000e+00	0.000000e+00	0.000000e+00	
478	1.563226e-07	0.000000e+00	0.000000e+00	0.000000e+00	
479	1.573226e-07	0.000000e+00	0.000000e+00	0.000000e+00	
480	1.583226e-07	0.000000e+00	0.000000e+00	0.000000e+00	
481	1.593226e-07	0.000000e+00	0.000000e+00	0.000000e+00	
482	1.600100e-07	0.000000e+00	0.000000e+00	0.000000e+00	
483	1.600101e-07	0.000000e+00	0.000000e+00	0.000000e+00	
484	1.600103e-07	0.000000e+00	0.000000e+00	0.000000e+00	
485	1.600107e-07	0.000000e+00	0.000000e+00	0.000000e+00	
486	1.600110e-07	0.000000e+00	0.000000e+00	0.000000e+00	
487	1.600111e-07	0.000000e+00	0.000000e+00	0.000000e+00	
488	1.600112e-07	0.000000e+00	0.000000e+00	0.000000e+00	
489	1.600116e-07	0.000000e+00	0.000000e+00	0.000000e+00	
490	1.600122e-07	0.000000e+00	0.000000e+00	0.000000e+00	
491	1.600135e-07	0.000000e+00	0.000000e+00	0.000000e+00	
492	1.600160e-07	0.000000e+00	0.000000e+00	0.000000e+00	
493	1.600212e-07	0.000000e+00	0.000000e+00	0.000000e+00	
494	1.600314e-07	0.000000e+00	0.000000e+00	0.000000e+00	
495	1.600519e-07	0.000000e+00	0.000000e+00	0.000000e+00	
496	1.600928e-07	0.000000e+00	0.000000e+00	0.000000e+00	
497	1.601748e-07	0.000000e+00	0.000000e+00	0.000000e+00	
498	1.603386e-07	0.000000e+00	0.000000e+00	0.000000e+00	
499	1.606663e-07	0.000000e+00	0.000000e+00	0.000000e+00	
500	1.613216e-07	0.000000e+00	0.000000e+00	0.000000e+00	
501	1.620107e-07	0.000000e+00	0.000000e+00	0.000000e+00	
502	1.621107e-07	0.000000e+00	0.000000e+00	0.000000e+00	
503	1.623107e-07	0.000000e+00	0.000000e+00	0.000000e+00	
504	1.627107e-07	0.000000e+00	0.000000e+00	0.000000e+00	
505	1.630107e-07	0.000000e+00	0.000000e+00	0.000000e+00	
506	1.630907e-07	0.000000e+00	0.000000e+00	0.000000e+00	
507	1.632507e-07	0.000000e+00	0.000000e+00	0.000000e+00	
508	1.635707e-07	0.000000e+00	0.000000e+00	0.000000e+00	
509	1.642107e-07	0.000000e+00	0.000000e+00	0.000000e+00	
510	1.652107e-07	0.000000e+00	0.000000e+00	0.000000e+00	
511	1.662107e-07	0.000000e+00	0.000000e+00	0.000000e+00	
512	1.672107e-07	0.000000e+00	0.000000e+00	0.000000e+00	
513	1.682107e-07	0.000000e+00	0.000000e+00	0.000000e+00	
514	1.692107e-07	0.000000e+00	0.000000e+00	0.000000e+00	
515	1.700110e-07	0.000000e+00	0.000000e+00	0.000000e+00	
516	1.700111e-07	0.000000e+00	0.000000e+00	0.000000e+00	
517	1.700113e-07	0.000000e+00	0.000000e+00	0.000000e+00	
518	1.700117e-07	0.000000e+00	0.000000e+00	0.000000e+00	

Index   time            a3#branch_1_0   v1#branch       v2#branch       
--------------------------------------------------------------------------------
519	1.700120e-07	0.000000e+00	0.000000e+00	0.000000e+00	
520	1.700121e-07	0.000000e+00	0.000000e+00	0.000000e+00	
521	1.700122e-07	0.000000e+00	0.000000e+00	0.000000e+00	
522	1.700126e-07	0.000000e+00	0.000000e+00	0.000000e+00	
523	1.700132e-07	0.000000e+00	0.000000e+00	0.000000e+00	
524	1.700145e-07	0.000000e+00	0.000000e+00	0.000000e+00	
525	1.700170e-07	0.000000e+00	0.000000e+00	0.000000e+00	
526	1.700222e-07	0.000000e+00	0.000000e+00	0.000000e+00	
527	1.700324e-07	0.000000e+00	0.000000e+00	0.000000e+00	
528	1.700529e-07	0.000000e+00	0.000000e+00	0.000000e+00	
529	1.700938e-07	0.000000e+00	0.000000e+00	0.000000e+00	
530	1.701758e-07	0.000000e+00	0.000000e+00	0.000000e+00	
531	1.703396e-07	0.000000e+00	0.000000e+00	0.000000e+00	
532	1.706673e-07	0.000000e+00	0.000000e+00	0.000000e+00	
533	1.713226e-07	0.000000e+00	0.000000e+00	0.000000e+00	
534	1.723226e-07	0.000000e+00	0.000000e+00	0.000000e+00	
535	1.733226e-07	0.000000e+00	0.000000e+00	0.000000e+00	
536	1.743226e-07	0.000000e+00	0.000000e+00	0.000000e+00	
537	1.753226e-07	0.000000e+00	0.000000e+00	0.000000e+00	
538	1.763226e-07	0.000000e+00	0.000000e+00	0.000000e+00	
539	1.773226e-07	0.000000e+00	0.000000e+00	0.000000e+00	
540	1.783226e-07	0.000000e+00	0.000000e+00	0.000000e+00	
541	1.793226e-07	0.000000e+00	0.000000e+00	0.000000e+00	
542	1.800100e-07	0.000000e+00	0.000000e+00	0.000000e+00	
543	1.800101e-07	0.000000e+00	0.000000e+00	0.000000e+00	
544	1.800103e-07	0.000000e+00	0.000000e+00	0.000000e+00	
545	1.800107e-07	0.000000e+00	0.000000e+00	0.000000e+00	
546	1.800110e-07	0.000000e+00	0.000000e+00	0.000000e+00	
547	1.800111e-07	0.000000e+00	0.000000e+00	0.000000e+00	
548	1.800112e-07	0.000000e+00	0.000000e+00	0.000000e+00	
549	1.800116e-07	0.000000e+00	0.000000e+00	0.000000e+00	
550	1.800122e-07	0.000000e+00	0.000000e+00	0.000000e+00	
551	1.800135e-07	0.000000e+00	0.000000e+00	0.000000e+00	
552	1.800160e-07	0.000000e+00	0.000000e+00	0.000000e+00	
553	1.800212e-07	0.000000e+00	0.000000e+00	0.000000e+00	
554	1.800314e-07	0.000000e+00	0.000000e+00	0.000000e+00	
555	1.800519e-07	0.000000e+00	0.000000e+00	0.000000e+00	
556	1.800928e-07	0.000000e+00	0.000000e+00	0.000000e+00	
557	1.801748e-07	0.000000e+00	0.000000e+00	0.000000e+00	
558	1.803386e-07	0.000000e+00	0.000000e+00	0.000000e+00	
559	1.806663e-07	0.000000e+00	0.000000e+00	0.000000e+00	
560	1.813216e-07	0.000000e+00	0.000000e+00	0.000000e+00	
561	1.820107e-07	0.000000e+00	0.000000e+00	0.000000e+00	
562	1.821107e-07	0.000000e+00	0.000000e+00	0.000000e+00	
563	1.823107e-07	0.000000e+00	0.000000e+00	0.000000e+00	
564	1.827107e-07	0.000000e+00	0.000000e+00	0.000000e+00	
565	1.830107e-07	0.000000e+00	0.000000e+00	0.000000e+00	
566	1.830907e-07	0.000000e+00	0.000000e+00	0.000000e+00	
567	1.832507e-07	0.000000e+00	0.000000e+00	0.000000e+00	
568	1.835707e-07	0.000000e+00	0.000000e+00	0.000000e+00	
569	1.842107e-07	0.000000e+00	0.000000e+00	0.000000e+00	
570	1.852107e-07	0.000000e+00	0.000000e+00	0.000000e+00	
571	1.862107e-07	0.000000e+00	0.000000e+00	0.000000e+00	
572	1.872107e-07	0.000000e+00	0.000000e+00	0.000000e+00	
573	1.882107e-07	0.000000e+00	0.000000e+00	0.000000e+00	
574	1.892107e-07	0.000000e+00	0.000000e+00	0.000000e+00	
575	1.900110e-07	0.000000e+00	0.000000e+00	0.000000e+00	
576	1.900111e-07	0.000000e+00	0.000000e+00	0.000000e+00	

Index   time            a3#branch_1_0   v1#branch       v2#branch       
--------------------------------------------------------------------------------
577	1.900113e-07	0.000000e+00	0.000000e+00	0.000000e+00	
578	1.900117e-07	0.000000e+00	0.000000e+00	0.000000e+00	
579	1.900120e-07	0.000000e+00	0.000000e+00	0.000000e+00	
580	1.900121e-07	0.000000e+00	0.000000e+00	0.000000e+00	
581	1.900122e-07	0.000000e+00	0.000000e+00	0.000000e+00	
582	1.900126e-07	0.000000e+00	0.000000e+00	0.000000e+00	
583	1.900132e-07	0.000000e+00	0.000000e+00	0.000000e+00	
584	1.900145e-07	0.000000e+00	0.000000e+00	0.000000e+00	
585	1.900170e-07	0.000000e+00	0.000000e+00	0.000000e+00	
586	1.900222e-07	0.000000e+00	0.000000e+00	0.000000e+00	
587	1.900324e-07	0.000000e+00	0.000000e+00	0.000000e+00	
588	1.900529e-07	0.000000e+00	0.000000e+00	0.000000e+00	
589	1.900938e-07	0.000000e+00	0.000000e+00	0.000000e+00	
590	1.901758e-07	0.000000e+00	0.000000e+00	0.000000e+00	
591	1.903396e-07	0.000000e+00	0.000000e+00	0.000000e+00	
592	1.906673e-07	0.000000e+00	0.000000e+00	0.000000e+00	
593	1.913226e-07	0.000000e+00	0.000000e+00	0.000000e+00	
594	1.923226e-07	0.000000e+00	0.000000e+00	0.000000e+00	
595	1.933226e-07	0.000000e+00	0.000000e+00	0.000000e+00	
596	1.943226e-07	0.000000e+00	0.000000e+00	0.000000e+00	
597	1.953226e-07	0.000000e+00	0.000000e+00	0.000000e+00	
598	1.963226e-07	0.000000e+00	0.000000e+00	0.000000e+00	
599	1.973226e-07	0.000000e+00	0.000000e+00	0.000000e+00	
600	1.983226e-07	0.000000e+00	0.000000e+00	0.000000e+00	
601	1.993226e-07	0.000000e+00	0.000000e+00	0.000000e+00	
602	2.000100e-07	0.000000e+00	0.000000e+00	0.000000e+00	
603	2.000101e-07	0.000000e+00	0.000000e+00	0.000000e+00	
604	2.000103e-07	0.000000e+00	0.000000e+00	0.000000e+00	
605	2.000107e-07	0.000000e+00	0.000000e+00	0.000000e+00	
606	2.000110e-07	0.000000e+00	0.000000e+00	0.000000e+00	
607	2.000111e-07	0.000000e+00	0.000000e+00	0.000000e+00	
608	2.000112e-07	0.000000e+00	0.000000e+00	0.000000e+00	
609	2.000116e-07	0.000000e+00	0.000000e+00	0.000000e+00	
610	2.000122e-07	0.000000e+00	0.000000e+00	0.000000e+00	
611	2.000135e-07	0.000000e+00	0.000000e+00	0.000000e+00	
612	2.000160e-07	0.000000e+00	0.000000e+00	0.000000e+00	
613	2.000212e-07	0.000000e+00	0.000000e+00	0.000000e+00	
614	2.000314e-07	0.000000e+00	0.000000e+00	0.000000e+00	
615	2.000519e-07	0.000000e+00	0.000000e+00	0.000000e+00	
616	2.000928e-07	0.000000e+00	0.000000e+00	0.000000e+00	
617	2.001748e-07	0.000000e+00	0.000000e+00	0.000000e+00	
618	2.003386e-07	0.000000e+00	0.000000e+00	0.000000e+00	
619	2.006663e-07	0.000000e+00	0.000000e+00	0.000000e+00	
620	2.013216e-07	0.000000e+00	0.000000e+00	0.000000e+00	
621	2.020107e-07	0.000000e+00	0.000000e+00	0.000000e+00	
622	2.021107e-07	0.000000e+00	0.000000e+00	0.000000e+00	
623	2.023107e-07	0.000000e+00	0.000000e+00	0.000000e+00	
624	2.027107e-07	0.000000e+00	0.000000e+00	0.000000e+00	
625	2.030107e-07	0.000000e+00	0.000000e+00	0.000000e+00	
626	2.030907e-07	0.000000e+00	0.000000e+00	0.000000e+00	
627	2.032507e-07	0.000000e+00	0.000000e+00	0.000000e+00	
628	2.035707e-07	0.000000e+00	0.000000e+00	0.000000e+00	
629	2.042107e-07	0.000000e+00	0.000000e+00	0.000000e+00	
630	2.052107e-07	0.000000e+00	0.000000e+00	0.000000e+00	
631	2.062107e-07	0.000000e+00	0.000000e+00	0.000000e+00	
632	2.072107e-07	0.000000e+00	0.000000e+00	0.000000e+00	
633	2.082107e-07	0.000000e+00	0.000000e+00	0.000000e+00	
634	2.092107e-07	0.000000e+00	0.000000e+00	0.000000e+00	

Index   time            a3#branch_1_0   v1#branch       v2#branch       
--------------------------------------------------------------------------------
635	2.100110e-07	0.000000e+00	0.000000e+00	0.000000e+00	
636	2.100111e-07	0.000000e+00	0.000000e+00	0.000000e+00	
637	2.100113e-07	0.000000e+00	0.000000e+00	0.000000e+00	
638	2.100117e-07	0.000000e+00	0.000000e+00	0.000000e+00	
639	2.100120e-07	0.000000e+00	0.000000e+00	0.000000e+00	
640	2.100121e-07	0.000000e+00	0.000000e+00	0.000000e+00	
641	2.100122e-07	0.000000e+00	0.000000e+00	0.000000e+00	
642	2.100126e-07	0.000000e+00	0.000000e+00	0.000000e+00	
643	2.100132e-07	0.000000e+00	0.000000e+00	0.000000e+00	
644	2.100145e-07	0.000000e+00	0.000000e+00	0.000000e+00	
645	2.100170e-07	0.000000e+00	0.000000e+00	0.000000e+00	
646	2.100222e-07	0.000000e+00	0.000000e+00	0.000000e+00	
647	2.100324e-07	0.000000e+00	0.000000e+00	0.000000e+00	
648	2.100529e-07	0.000000e+00	0.000000e+00	0.000000e+00	
649	2.100938e-07	0.000000e+00	0.000000e+00	0.000000e+00	
650	2.101758e-07	0.000000e+00	0.000000e+00	0.000000e+00	
651	2.103396e-07	0.000000e+00	0.000000e+00	0.000000e+00	
652	2.106673e-07	0.000000e+00	0.000000e+00	0.000000e+00	
653	2.113226e-07	0.000000e+00	0.000000e+00	0.000000e+00	
654	2.123226e-07	0.000000e+00	0.000000e+00	0.000000e+00	
655	2.133226e-07	0.000000e+00	0.000000e+00	0.000000e+00	
656	2.143226e-07	0.000000e+00	0.000000e+00	0.000000e+00	
657	2.153226e-07	0.000000e+00	0.000000e+00	0.000000e+00	
658	2.163226e-07	0.000000e+00	0.000000e+00	0.000000e+00	
659	2.173226e-07	0.000000e+00	0.000000e+00	0.000000e+00	
660	2.183226e-07	0.000000e+00	0.000000e+00	0.000000e+00	
661	2.193226e-07	0.000000e+00	0.000000e+00	0.000000e+00	
662	2.200100e-07	0.000000e+00	0.000000e+00	0.000000e+00	
663	2.200101e-07	0.000000e+00	0.000000e+00	0.000000e+00	
664	2.200103e-07	0.000000e+00	0.000000e+00	0.000000e+00	
665	2.200107e-07	0.000000e+00	0.000000e+00	0.000000e+00	
666	2.200110e-07	0.000000e+00	0.000000e+00	0.000000e+00	
667	2.200111e-07	0.000000e+00	0.000000e+00	0.000000e+00	
668	2.200112e-07	0.000000e+00	0.000000e+00	0.000000e+00	
669	2.200116e-07	0.000000e+00	0.000000e+00	0.000000e+00	
670	2.200122e-07	0.000000e+00	0.000000e+00	0.000000e+00	
671	2.200135e-07	0.000000e+00	0.000000e+00	0.000000e+00	
672	2.200160e-07	0.000000e+00	0.000000e+00	0.000000e+00	
673	2.200212e-07	0.000000e+00	0.000000e+00	0.000000e+00	
674	2.200314e-07	0.000000e+00	0.000000e+00	0.000000e+00	
675	2.200519e-07	0.000000e+00	0.000000e+00	0.000000e+00	
676	2.200928e-07	0.000000e+00	0.000000e+00	0.000000e+00	
677	2.201748e-07	0.000000e+00	0.000000e+00	0.000000e+00	
678	2.203386e-07	0.000000e+00	0.000000e+00	0.000000e+00	
679	2.206663e-07	0.000000e+00	0.000000e+00	0.000000e+00	
680	2.213216e-07	0.000000e+00	0.000000e+00	0.000000e+00	
681	2.220107e-07	0.000000e+00	0.000000e+00	0.000000e+00	
682	2.221107e-07	0.000000e+00	0.000000e+00	0.000000e+00	
683	2.223107e-07	0.000000e+00	0.000000e+00	0.000000e+00	
684	2.227107e-07	0.000000e+00	0.000000e+00	0.000000e+00	
685	2.230107e-07	0.000000e+00	0.000000e+00	0.000000e+00	
686	2.230907e-07	0.000000e+00	0.000000e+00	0.000000e+00	
687	2.232507e-07	0.000000e+00	0.000000e+00	0.000000e+00	
688	2.235707e-07	0.000000e+00	0.000000e+00	0.000000e+00	
689	2.242107e-07	0.000000e+00	0.000000e+00	0.000000e+00	
690	2.252107e-07	0.000000e+00	0.000000e+00	0.000000e+00	
691	2.262107e-07	0.000000e+00	0.000000e+00	0.000000e+00	
692	2.272107e-07	0.000000e+00	0.000000e+00	0.000000e+00	

Index   time            a3#branch_1_0   v1#branch       v2#branch       
--------------------------------------------------------------------------------
693	2.282107e-07	0.000000e+00	0.000000e+00	0.000000e+00	
694	2.292107e-07	0.000000e+00	0.000000e+00	0.000000e+00	
695	2.300110e-07	0.000000e+00	0.000000e+00	0.000000e+00	
696	2.300111e-07	0.000000e+00	0.000000e+00	0.000000e+00	
697	2.300113e-07	0.000000e+00	0.000000e+00	0.000000e+00	
698	2.300117e-07	0.000000e+00	0.000000e+00	0.000000e+00	
699	2.300120e-07	0.000000e+00	0.000000e+00	0.000000e+00	
700	2.300121e-07	0.000000e+00	0.000000e+00	0.000000e+00	
701	2.300122e-07	0.000000e+00	0.000000e+00	0.000000e+00	
702	2.300126e-07	0.000000e+00	0.000000e+00	0.000000e+00	
703	2.300132e-07	0.000000e+00	0.000000e+00	0.000000e+00	
704	2.300145e-07	0.000000e+00	0.000000e+00	0.000000e+00	
705	2.300170e-07	0.000000e+00	0.000000e+00	0.000000e+00	
706	2.300222e-07	0.000000e+00	0.000000e+00	0.000000e+00	
707	2.300324e-07	0.000000e+00	0.000000e+00	0.000000e+00	
708	2.300529e-07	0.000000e+00	0.000000e+00	0.000000e+00	
709	2.300938e-07	0.000000e+00	0.000000e+00	0.000000e+00	
710	2.301758e-07	0.000000e+00	0.000000e+00	0.000000e+00	
711	2.303396e-07	0.000000e+00	0.000000e+00	0.000000e+00	
712	2.306673e-07	0.000000e+00	0.000000e+00	0.000000e+00	
713	2.313226e-07	0.000000e+00	0.000000e+00	0.000000e+00	
714	2.323226e-07	0.000000e+00	0.000000e+00	0.000000e+00	
715	2.333226e-07	0.000000e+00	0.000000e+00	0.000000e+00	
716	2.343226e-07	0.000000e+00	0.000000e+00	0.000000e+00	
717	2.353226e-07	0.000000e+00	0.000000e+00	0.000000e+00	
718	2.363226e-07	0.000000e+00	0.000000e+00	0.000000e+00	
719	2.373226e-07	0.000000e+00	0.000000e+00	0.000000e+00	
720	2.383226e-07	0.000000e+00	0.000000e+00	0.000000e+00	
721	2.393226e-07	0.000000e+00	0.000000e+00	0.000000e+00	
722	2.400100e-07	0.000000e+00	0.000000e+00	0.000000e+00	
723	2.400101e-07	0.000000e+00	0.000000e+00	0.000000e+00	
724	2.400103e-07	0.000000e+00	0.000000e+00	0.000000e+00	
725	2.400107e-07	0.000000e+00	0.000000e+00	0.000000e+00	
726	2.400110e-07	0.000000e+00	0.000000e+00	0.000000e+00	
727	2.400111e-07	0.000000e+00	0.000000e+00	0.000000e+00	
728	2.400112e-07	0.000000e+00	0.000000e+00	0.000000e+00	
729	2.400116e-07	0.000000e+00	0.000000e+00	0.000000e+00	
730	2.400122e-07	0.000000e+00	0.000000e+00	0.000000e+00	
731	2.400135e-07	0.000000e+00	0.000000e+00	0.000000e+00	
732	2.400160e-07	0.000000e+00	0.000000e+00	0.000000e+00	
733	2.400212e-07	0.000000e+00	0.000000e+00	0.000000e+00	
734	2.400314e-07	0.000000e+00	0.000000e+00	0.000000e+00	
735	2.400519e-07	0.000000e+00	0.000000e+00	0.000000e+00	
736	2.400928e-07	0.000000e+00	0.000000e+00	0.000000e+00	
737	2.401748e-07	0.000000e+00	0.000000e+00	0.000000e+00	
738	2.403386e-07	0.000000e+00	0.000000e+00	0.000000e+00	
739	2.406663e-07	0.000000e+00	0.000000e+00	0.000000e+00	
740	2.413216e-07	0.000000e+00	0.000000e+00	0.000000e+00	
741	2.420107e-07	0.000000e+00	0.000000e+00	0.000000e+00	
742	2.421107e-07	0.000000e+00	0.000000e+00	0.000000e+00	
743	2.423107e-07	0.000000e+00	0.000000e+00	0.000000e+00	
744	2.427107e-07	0.000000e+00	0.000000e+00	0.000000e+00	
745	2.430107e-07	0.000000e+00	0.000000e+00	0.000000e+00	
746	2.430907e-07	0.000000e+00	0.000000e+00	0.000000e+00	
747	2.432507e-07	0.000000e+00	0.000000e+00	0.000000e+00	
748	2.435707e-07	0.000000e+00	0.000000e+00	0.000000e+00	
749	2.442107e-07	0.000000e+00	0.000000e+00	0.000000e+00	
750	2.452107e-07	0.000000e+00	0.000000e+00	0.000000e+00	

Index   time            a3#branch_1_0   v1#branch       v2#branch       
--------------------------------------------------------------------------------
751	2.462107e-07	0.000000e+00	0.000000e+00	0.000000e+00	
752	2.472107e-07	0.000000e+00	0.000000e+00	0.000000e+00	
753	2.482107e-07	0.000000e+00	0.000000e+00	0.000000e+00	
754	2.492107e-07	0.000000e+00	0.000000e+00	0.000000e+00	
755	2.500110e-07	0.000000e+00	0.000000e+00	0.000000e+00	
756	2.500111e-07	0.000000e+00	0.000000e+00	0.000000e+00	
757	2.500113e-07	0.000000e+00	0.000000e+00	0.000000e+00	
758	2.500117e-07	0.000000e+00	0.000000e+00	0.000000e+00	
759	2.500120e-07	0.000000e+00	0.000000e+00	0.000000e+00	
760	2.500121e-07	0.000000e+00	0.000000e+00	0.000000e+00	
761	2.500122e-07	0.000000e+00	0.000000e+00	0.000000e+00	
762	2.500126e-07	0.000000e+00	0.000000e+00	0.000000e+00	
763	2.500132e-07	0.000000e+00	0.000000e+00	0.000000e+00	
764	2.500145e-07	0.000000e+00	0.000000e+00	0.000000e+00	
765	2.500170e-07	0.000000e+00	0.000000e+00	0.000000e+00	
766	2.500222e-07	0.000000e+00	0.000000e+00	0.000000e+00	
767	2.500324e-07	0.000000e+00	0.000000e+00	0.000000e+00	
768	2.500529e-07	0.000000e+00	0.000000e+00	0.000000e+00	
769	2.500938e-07	0.000000e+00	0.000000e+00	0.000000e+00	
770	2.501758e-07	0.000000e+00	0.000000e+00	0.000000e+00	
771	2.503396e-07	0.000000e+00	0.000000e+00	0.000000e+00	
772	2.506673e-07	0.000000e+00	0.000000e+00	0.000000e+00	
773	2.513226e-07	0.000000e+00	0.000000e+00	0.000000e+00	
774	2.523226e-07	0.000000e+00	0.000000e+00	0.000000e+00	
775	2.533226e-07	0.000000e+00	0.000000e+00	0.000000e+00	
776	2.543226e-07	0.000000e+00	0.000000e+00	0.000000e+00	
777	2.553226e-07	0.000000e+00	0.000000e+00	0.000000e+00	
778	2.563226e-07	0.000000e+00	0.000000e+00	0.000000e+00	
779	2.573226e-07	0.000000e+00	0.000000e+00	0.000000e+00	
780	2.583226e-07	0.000000e+00	0.000000e+00	0.000000e+00	
781	2.593226e-07	0.000000e+00	0.000000e+00	0.000000e+00	
782	2.600100e-07	0.000000e+00	0.000000e+00	0.000000e+00	
783	2.600101e-07	0.000000e+00	0.000000e+00	0.000000e+00	
784	2.600103e-07	0.000000e+00	0.000000e+00	0.000000e+00	
785	2.600107e-07	0.000000e+00	0.000000e+00	0.000000e+00	
786	2.600110e-07	0.000000e+00	0.000000e+00	0.000000e+00	
787	2.600111e-07	0.000000e+00	0.000000e+00	0.000000e+00	
788	2.600112e-07	0.000000e+00	0.000000e+00	0.000000e+00	
789	2.600116e-07	0.000000e+00	0.000000e+00	0.000000e+00	
790	2.600122e-07	0.000000e+00	0.000000e+00	0.000000e+00	
791	2.600135e-07	0.000000e+00	0.000000e+00	0.000000e+00	
792	2.600160e-07	0.000000e+00	0.000000e+00	0.000000e+00	
793	2.600212e-07	0.000000e+00	0.000000e+00	0.000000e+00	
794	2.600314e-07	0.000000e+00	0.000000e+00	0.000000e+00	
795	2.600519e-07	0.000000e+00	0.000000e+00	0.000000e+00	
796	2.600928e-07	0.000000e+00	0.000000e+00	0.000000e+00	
797	2.601748e-07	0.000000e+00	0.000000e+00	0.000000e+00	
798	2.603386e-07	0.000000e+00	0.000000e+00	0.000000e+00	
799	2.606663e-07	0.000000e+00	0.000000e+00	0.000000e+00	
800	2.613216e-07	0.000000e+00	0.000000e+00	0.000000e+00	
801	2.620107e-07	0.000000e+00	0.000000e+00	0.000000e+00	
802	2.621107e-07	0.000000e+00	0.000000e+00	0.000000e+00	
803	2.623107e-07	0.000000e+00	0.000000e+00	0.000000e+00	
804	2.627107e-07	0.000000e+00	0.000000e+00	0.000000e+00	
805	2.630107e-07	0.000000e+00	0.000000e+00	0.000000e+00	
806	2.630907e-07	0.000000e+00	0.000000e+00	0.000000e+00	
807	2.632507e-07	0.000000e+00	0.000000e+00	0.000000e+00	
808	2.635707e-07	0.000000e+00	0.000000e+00	0.000000e+00	

Index   time            a3#branch_1_0   v1#branch       v2#branch       
--------------------------------------------------------------------------------
809	2.642107e-07	0.000000e+00	0.000000e+00	0.000000e+00	
810	2.652107e-07	0.000000e+00	0.000000e+00	0.000000e+00	
811	2.662107e-07	0.000000e+00	0.000000e+00	0.000000e+00	
812	2.672107e-07	0.000000e+00	0.000000e+00	0.000000e+00	
813	2.682107e-07	0.000000e+00	0.000000e+00	0.000000e+00	
814	2.692107e-07	0.000000e+00	0.000000e+00	0.000000e+00	
815	2.700110e-07	0.000000e+00	0.000000e+00	0.000000e+00	
816	2.700111e-07	0.000000e+00	0.000000e+00	0.000000e+00	
817	2.700113e-07	0.000000e+00	0.000000e+00	0.000000e+00	
818	2.700117e-07	0.000000e+00	0.000000e+00	0.000000e+00	
819	2.700120e-07	0.000000e+00	0.000000e+00	0.000000e+00	
820	2.700121e-07	0.000000e+00	0.000000e+00	0.000000e+00	
821	2.700122e-07	0.000000e+00	0.000000e+00	0.000000e+00	
822	2.700126e-07	0.000000e+00	0.000000e+00	0.000000e+00	
823	2.700132e-07	0.000000e+00	0.000000e+00	0.000000e+00	
824	2.700145e-07	0.000000e+00	0.000000e+00	0.000000e+00	
825	2.700170e-07	0.000000e+00	0.000000e+00	0.000000e+00	
826	2.700222e-07	0.000000e+00	0.000000e+00	0.000000e+00	
827	2.700324e-07	0.000000e+00	0.000000e+00	0.000000e+00	
828	2.700529e-07	0.000000e+00	0.000000e+00	0.000000e+00	
829	2.700938e-07	0.000000e+00	0.000000e+00	0.000000e+00	
830	2.701758e-07	0.000000e+00	0.000000e+00	0.000000e+00	
831	2.703396e-07	0.000000e+00	0.000000e+00	0.000000e+00	
832	2.706673e-07	0.000000e+00	0.000000e+00	0.000000e+00	
833	2.713226e-07	0.000000e+00	0.000000e+00	0.000000e+00	
834	2.723226e-07	0.000000e+00	0.000000e+00	0.000000e+00	
835	2.733226e-07	0.000000e+00	0.000000e+00	0.000000e+00	
836	2.743226e-07	0.000000e+00	0.000000e+00	0.000000e+00	
837	2.753226e-07	0.000000e+00	0.000000e+00	0.000000e+00	
838	2.763226e-07	0.000000e+00	0.000000e+00	0.000000e+00	
839	2.773226e-07	0.000000e+00	0.000000e+00	0.000000e+00	
840	2.783226e-07	0.000000e+00	0.000000e+00	0.000000e+00	
841	2.793226e-07	0.000000e+00	0.000000e+00	0.000000e+00	
842	2.800100e-07	0.000000e+00	0.000000e+00	0.000000e+00	
843	2.800101e-07	0.000000e+00	0.000000e+00	0.000000e+00	
844	2.800103e-07	0.000000e+00	0.000000e+00	0.000000e+00	
845	2.800107e-07	0.000000e+00	0.000000e+00	0.000000e+00	
846	2.800110e-07	0.000000e+00	0.000000e+00	0.000000e+00	
847	2.800111e-07	0.000000e+00	0.000000e+00	0.000000e+00	
848	2.800112e-07	0.000000e+00	0.000000e+00	0.000000e+00	
849	2.800116e-07	0.000000e+00	0.000000e+00	0.000000e+00	
850	2.800122e-07	0.000000e+00	0.000000e+00	0.000000e+00	
851	2.800135e-07	0.000000e+00	0.000000e+00	0.000000e+00	
852	2.800160e-07	0.000000e+00	0.000000e+00	0.000000e+00	
853	2.800212e-07	0.000000e+00	0.000000e+00	0.000000e+00	
854	2.800314e-07	0.000000e+00	0.000000e+00	0.000000e+00	
855	2.800519e-07	0.000000e+00	0.000000e+00	0.000000e+00	
856	2.800928e-07	0.000000e+00	0.000000e+00	0.000000e+00	
857	2.801748e-07	0.000000e+00	0.000000e+00	0.000000e+00	
858	2.803386e-07	0.000000e+00	0.000000e+00	0.000000e+00	
859	2.806663e-07	0.000000e+00	0.000000e+00	0.000000e+00	
860	2.813216e-07	0.000000e+00	0.000000e+00	0.000000e+00	
861	2.820107e-07	0.000000e+00	0.000000e+00	0.000000e+00	
862	2.821107e-07	0.000000e+00	0.000000e+00	0.000000e+00	
863	2.823107e-07	0.000000e+00	0.000000e+00	0.000000e+00	
864	2.827107e-07	0.000000e+00	0.000000e+00	0.000000e+00	
865	2.830107e-07	0.000000e+00	0.000000e+00	0.000000e+00	
866	2.830907e-07	0.000000e+00	0.000000e+00	0.000000e+00	

Index   time            a3#branch_1_0   v1#branch       v2#branch       
--------------------------------------------------------------------------------
867	2.832507e-07	0.000000e+00	0.000000e+00	0.000000e+00	
868	2.835707e-07	0.000000e+00	0.000000e+00	0.000000e+00	
869	2.842107e-07	0.000000e+00	0.000000e+00	0.000000e+00	
870	2.852107e-07	0.000000e+00	0.000000e+00	0.000000e+00	
871	2.862107e-07	0.000000e+00	0.000000e+00	0.000000e+00	
872	2.872107e-07	0.000000e+00	0.000000e+00	0.000000e+00	
873	2.882107e-07	0.000000e+00	0.000000e+00	0.000000e+00	
874	2.892107e-07	0.000000e+00	0.000000e+00	0.000000e+00	
875	2.900110e-07	0.000000e+00	0.000000e+00	0.000000e+00	
876	2.900111e-07	0.000000e+00	0.000000e+00	0.000000e+00	
877	2.900113e-07	0.000000e+00	0.000000e+00	0.000000e+00	
878	2.900117e-07	0.000000e+00	0.000000e+00	0.000000e+00	
879	2.900120e-07	0.000000e+00	0.000000e+00	0.000000e+00	
880	2.900121e-07	0.000000e+00	0.000000e+00	0.000000e+00	
881	2.900122e-07	0.000000e+00	0.000000e+00	0.000000e+00	
882	2.900126e-07	0.000000e+00	0.000000e+00	0.000000e+00	
883	2.900132e-07	0.000000e+00	0.000000e+00	0.000000e+00	
884	2.900145e-07	0.000000e+00	0.000000e+00	0.000000e+00	
885	2.900170e-07	0.000000e+00	0.000000e+00	0.000000e+00	
886	2.900222e-07	0.000000e+00	0.000000e+00	0.000000e+00	
887	2.900324e-07	0.000000e+00	0.000000e+00	0.000000e+00	
888	2.900529e-07	0.000000e+00	0.000000e+00	0.000000e+00	
889	2.900938e-07	0.000000e+00	0.000000e+00	0.000000e+00	
890	2.901758e-07	0.000000e+00	0.000000e+00	0.000000e+00	
891	2.903396e-07	0.000000e+00	0.000000e+00	0.000000e+00	
892	2.906673e-07	0.000000e+00	0.000000e+00	0.000000e+00	
893	2.913226e-07	0.000000e+00	0.000000e+00	0.000000e+00	
894	2.923226e-07	0.000000e+00	0.000000e+00	0.000000e+00	
895	2.933226e-07	0.000000e+00	0.000000e+00	0.000000e+00	
896	2.943226e-07	0.000000e+00	0.000000e+00	0.000000e+00	
897	2.953226e-07	0.000000e+00	0.000000e+00	0.000000e+00	
898	2.963226e-07	0.000000e+00	0.000000e+00	0.000000e+00	
899	2.973226e-07	0.000000e+00	0.000000e+00	0.000000e+00	
900	2.983226e-07	0.000000e+00	0.000000e+00	0.000000e+00	
901	2.993226e-07	0.000000e+00	0.000000e+00	0.000000e+00	
902	3.000000e-07	0.000000e+00	0.000000e+00	0.000000e+00	
